0
2018-19 NBA 82 (1st)
2023-24 NBA 82 (2nd)
