Team,2025-26,2026-27
Atlanta Hawks,"$45,999,660","$48,967,380"
