0
2014-15 NBA 6.5 (15th)
2015-16 NBA 6.3 (19th)
